%YAML:1.0
---
intrinsicL: !!opencv-matrix
   rows: 3
   cols: 3
   dt: d
   data: [ 3.4017092739156246e+03, 0., 1.2728956782470802e+03, 0.,
       3.3862631046208649e+03, 8.9199132373840962e+02, 0., 0., 1. ]
distCoeffsL: !!opencv-matrix
   rows: 1
   cols: 5
   dt: d
   data: [ 0., 0., -4.6732731255875702e-03, 2.0609243470235482e-02, 0. ]
intrinsicR: !!opencv-matrix
   rows: 3
   cols: 3
   dt: d
   data: [ 3.3928011850751809e+03, 0., 1.2359287210287487e+03, 0.,
       3.3970981639065885e+03, 8.5884673225152062e+02, 0., 0., 1. ]
distCoeffsR: !!opencv-matrix
   rows: 1
   cols: 5
   dt: d
   data: [ 0., 0., -7.4225226969273821e-03, -8.6180760848859426e-03, 0. ]
R: !!opencv-matrix
   rows: 3
   cols: 3
   dt: d
   data: [ 9.9580093485287036e-01, 8.1238400963391192e-03,
       9.1183887656968193e-02, -8.9807387920042749e-03,
       9.9991924991254166e-01, 8.9911058880346416e-03,
       -9.1103482243541450e-02, -9.7722503257527335e-03,
       9.9579348192618311e-01 ]
T: !!opencv-matrix
   rows: 3
   cols: 1
   dt: d
   data: [ 1.1404139952565421e+01, 1.6257290578985110e-02,
       -4.6605025304838010e-01 ]
E: !!opencv-matrix
   rows: 3
   cols: 3
   dt: d
   data: [ -5.6665713701656599e-03, 4.6585374913653010e-01,
       2.0379211166636643e-02, 5.7486358399741178e-01,
       1.0765799263376377e-01, -1.1398664505655082e+01,
       -1.1860662721817820e-01, 1.1403086995637800e+01,
       1.0105342691772119e-01 ]
F: !!opencv-matrix
   rows: 3
   cols: 3
   dt: d
   data: [ -4.0397151788375406e-09, 3.3362337646089425e-07,
       -2.4302563228093742e-04, 4.0930353529760784e-07,
       7.7002259805878134e-08, -2.8197490046287285e-02,
       -6.3341453796374604e-04, 2.7228418743197130e-02, 1. ]
RMS: 2.1817193014913707e+02
R1: !!opencv-matrix
   rows: 3
   cols: 3
   dt: d
   data: [ -9.9867662944081215e-01, -9.9403383470604498e-03,
       -5.0459681749733906e-02, 1.0171876255558062e-02,
       -9.9993887349864574e-01, -4.3338435252001355e-03,
       -5.0413517454945399e-02, -4.8413778829238903e-03,
       9.9871669572407495e-01 ]
P1: !!opencv-matrix
   rows: 3
   cols: 4
   dt: d
   data: [ 3.3916806342637265e+03, 0., 1.2030086212158203e+03, 0., 0.,
       3.3916806342637265e+03, 1.1811998291015625e+03, 0., 0., 0., 1.,
       0. ]
R2: !!opencv-matrix
   rows: 3
   cols: 3
   dt: d
   data: [ -9.9916498488398353e-01, -1.4243700588707805e-03,
       4.0832635865496243e-02, 1.6106436689512535e-03,
       -9.9998844535687070e-01, 4.5293465003659232e-03,
       4.0825712593419418e-02, 4.5913312540157986e-03,
       9.9915573404177349e-01 ]
P2: !!opencv-matrix
   rows: 3
   cols: 4
   dt: d
   data: [ 3.3916806342637265e+03, 0., 1.2030086212158203e+03,
       -3.8711525336369305e+04, 0., 3.3916806342637265e+03,
       1.1811998291015625e+03, 0., 0., 0., 1., 0. ]
Q: !!opencv-matrix
   rows: 4
   cols: 4
   dt: d
   data: [ 1., 0., 0., -1.2030086212158203e+03, 0., 1., 0.,
       -1.1811998291015625e+03, 0., 0., 0., 3.3916806342637265e+03, 0.,
       0., 8.7614233869448110e-02, 0. ]
