%YAML:1.0
---
intrinsicL: !!opencv-matrix
   rows: 3
   cols: 3
   dt: d
   data: [ 3.4454427012696742e+03, 0., 1.3187979135734961e+03, 0.,
       3.4296443471407370e+03, 9.1072998396937135e+02, 0., 0., 1. ]
distCoeffsL: !!opencv-matrix
   rows: 1
   cols: 5
   dt: d
   data: [ 0., 0., -3.5782442540589821e-03, 1.5414610616255514e-02, 0. ]
rvecsL:
   - !!opencv-matrix
      rows: 3
      cols: 1
      dt: d
      data: [ -2.1646637201781900e+00, 1.9516494558596318e+00,
          1.4547240455646759e-01 ]
   - !!opencv-matrix
      rows: 3
      cols: 1
      dt: d
      data: [ 2.1258981307330744e+00, -1.9768988692704403e+00,
          -7.2282842374800405e-01 ]
   - !!opencv-matrix
      rows: 3
      cols: 1
      dt: d
      data: [ -2.0080254062260807e+00, 1.7671747844706740e+00,
          2.7989730020964021e-01 ]
   - !!opencv-matrix
      rows: 3
      cols: 1
      dt: d
      data: [ -2.0139944436879929e+00, 1.7465789374154330e+00,
          2.5592887652488122e-01 ]
   - !!opencv-matrix
      rows: 3
      cols: 1
      dt: d
      data: [ -2.2786526839082963e+00, 1.9686213704035593e+00,
          -5.1317989402185890e-02 ]
   - !!opencv-matrix
      rows: 3
      cols: 1
      dt: d
      data: [ 2.3291722418775596e+00, -2.0393047942114104e+00,
          -2.6381182265247194e-01 ]
   - !!opencv-matrix
      rows: 3
      cols: 1
      dt: d
      data: [ 2.2429585094386240e+00, -2.2002994932164022e+00,
          -1.7793612496701894e-01 ]
   - !!opencv-matrix
      rows: 3
      cols: 1
      dt: d
      data: [ -2.1207608643575098e+00, 2.0795793368778779e+00,
          -6.7778057142972151e-02 ]
   - !!opencv-matrix
      rows: 3
      cols: 1
      dt: d
      data: [ -2.0396270966209977e+00, 2.0096970116951560e+00,
          3.6041705681007302e-01 ]
   - !!opencv-matrix
      rows: 3
      cols: 1
      dt: d
      data: [ 2.0377863491394668e+00, -2.1284521601293864e+00,
          -8.5231416672368698e-01 ]
   - !!opencv-matrix
      rows: 3
      cols: 1
      dt: d
      data: [ -2.0377397169976827e+00, 2.0152190770801881e+00,
          3.6750714270937379e-01 ]
   - !!opencv-matrix
      rows: 3
      cols: 1
      dt: d
      data: [ -2.0381238891560005e+00, 2.0114696394365259e+00,
          3.4724785133428759e-01 ]
   - !!opencv-matrix
      rows: 3
      cols: 1
      dt: d
      data: [ -2.0628443653565336e+00, 2.0275669795929101e+00,
          3.9297048294494830e-01 ]
   - !!opencv-matrix
      rows: 3
      cols: 1
      dt: d
      data: [ -2.2183696165711586e+00, 2.1640463524057414e+00,
          1.7321051191833028e-01 ]
   - !!opencv-matrix
      rows: 3
      cols: 1
      dt: d
      data: [ 2.2356626579397387e+00, -2.1965583851900181e+00,
          -2.3676536230734505e-01 ]
   - !!opencv-matrix
      rows: 3
      cols: 1
      dt: d
      data: [ -2.2183478678811848e+00, 2.1710816819114762e+00,
          1.8307205999268689e-01 ]
   - !!opencv-matrix
      rows: 3
      cols: 1
      dt: d
      data: [ -1.8619320824761358e+00, 2.1076029215997223e+00,
          1.3482518840072286e+00 ]
   - !!opencv-matrix
      rows: 3
      cols: 1
      dt: d
      data: [ -1.8952784783358929e+00, 1.9675553849210712e+00,
          1.0092137641897199e+00 ]
   - !!opencv-matrix
      rows: 3
      cols: 1
      dt: d
      data: [ -1.8951086293915334e+00, 1.8441071058119489e+00,
          7.6110276116944264e-01 ]
   - !!opencv-matrix
      rows: 3
      cols: 1
      dt: d
      data: [ -1.8881576614937683e+00, 1.7312624900825222e+00,
          5.5296313996150614e-01 ]
   - !!opencv-matrix
      rows: 3
      cols: 1
      dt: d
      data: [ 2.2520939938495159e+00, -2.1346601931660745e+00,
          -1.0285457852356428e-01 ]
   - !!opencv-matrix
      rows: 3
      cols: 1
      dt: d
      data: [ 2.1930025986803918e+00, -2.0802152361513713e+00,
          -2.0654419618777548e-01 ]
   - !!opencv-matrix
      rows: 3
      cols: 1
      dt: d
      data: [ -2.2293174449525419e+00, 2.1604476576753560e+00,
          -2.3215986427436379e-02 ]
   - !!opencv-matrix
      rows: 3
      cols: 1
      dt: d
      data: [ 2.2188728841716285e+00, -2.2055421450399111e+00,
          -5.8595629613687084e-02 ]
   - !!opencv-matrix
      rows: 3
      cols: 1
      dt: d
      data: [ 2.0636642042736661e+00, -2.0887240522253920e+00,
          -3.0165356164848461e-01 ]
