%YAML:1.0
---
intrinsicL: !!opencv-matrix
   rows: 3
   cols: 3
   dt: d
   data: [ 3.3827586295711199e+03, 0., 772., 0., 3.3827586295711199e+03,
       1032., 0., 0., 1. ]
distCoeffsL: !!opencv-matrix
   rows: 1
   cols: 5
   dt: d
   data: [ -2.7479505289435036e-01, 5.2530210723800497e-01, 0., 0.,
       -6.8654460507775728e-01 ]
intrinsicR: !!opencv-matrix
   rows: 3
   cols: 3
   dt: d
   data: [ 3.3158889347544296e+03, 0., 772., 0., 3.3158889347544296e+03,
       1032., 0., 0., 1. ]
distCoeffsR: !!opencv-matrix
   rows: 1
   cols: 5
   dt: d
   data: [ -2.4373467786368316e-01, -6.0633837694713655e-01, 0., 0.,
       4.7543400351927758e+00 ]
R: !!opencv-matrix
   rows: 3
   cols: 3
   dt: d
   data: [ 9.9999497861513076e-01, 2.9516948695399122e-03,
       1.1533611408436725e-03, -2.9256236861017215e-03,
       9.9975396274650818e-01, -2.1987603295969462e-02,
       -1.2179780668784774e-03, 2.1984118587078678e-02,
       9.9975757814551125e-01 ]
T: !!opencv-matrix
   rows: 3
   cols: 1
   dt: d
   data: [ -3.8670691163712760e+00, 6.3833965673985538e-01,
       -3.6056209668723529e+00 ]
E: !!opencv-matrix
   rows: 3
   cols: 3
   dt: d
   data: [ -1.1326173804914626e-02, 3.6187671845051352e+00,
       5.5890594580125563e-01, -3.6103128670286289e+00,
       7.4371413129313030e-02, 3.8619730711928475e+00,
       -6.2702286238811333e-01, -3.8680018571966439e+00,
       8.4291345494123551e-02 ]
F: !!opencv-matrix
   rows: 3
   cols: 3
   dt: d
   data: [ -1.2253634477872071e-08, 3.9150953449260104e-06,
       -1.9854564759630333e-03, -3.9059487330249949e-06,
       8.0461427467586614e-08, 1.7066254181467330e-02,
       1.7910073899149517e-03, -1.6981619449396218e-02, 1. ]
RMS: 6.6848803376901147e+00
R1: !!opencv-matrix
   rows: 3
   cols: 3
   dt: d
   data: [ 7.2564834883260143e-01, -1.0280531344609989e-01,
       6.8034222371080899e-01, 1.0986053635115275e-01,
       9.9340121499390621e-01, 3.2934610993116044e-02,
       -6.7923864465234640e-01, 5.0843815512606721e-02,
       7.3215419826356509e-01 ]
P1: !!opencv-matrix
   rows: 3
   cols: 4
   dt: d
   data: [ 3.3493237821627745e+03, 0., -3.5188486480712891e+03, 0., 0.,
       3.3493237821627745e+03, 8.8436281585693359e+02, 0., 0., 0., 1.,
       0. ]
R2: !!opencv-matrix
   rows: 3
   cols: 3
   dt: d
   data: [ 7.2612593544000492e-01, -1.1986208842670636e-01,
       6.7703338591192541e-01, 1.1283018746931740e-01,
       9.9211123753881358e-01, 5.4631869314918570e-02,
       -6.7824072030291460e-01, 3.6720186644297909e-02,
       7.3392176232606132e-01 ]
P2: !!opencv-matrix
   rows: 3
   cols: 4
   dt: d
   data: [ 3.3493237821627745e+03, 0., -3.5188486480712891e+03,
       -1.7837217935041852e+04, 0., 3.3493237821627745e+03,
       8.8436281585693359e+02, 0., 0., 0., 1., 0. ]
Q: !!opencv-matrix
   rows: 4
   cols: 4
   dt: d
   data: [ 1., 0., 0., 3.5188486480712891e+03, 0., 1., 0.,
       -8.8436281585693359e+02, 0., 0., 0., 3.3493237821627745e+03, 0.,
       0., 1.8777164658525072e-01, 0. ]
