%YAML:1.0
---
intrinsicL: !!opencv-matrix
   rows: 3
   cols: 3
   dt: d
   data: [ 3.4457546010008377e+03, 0., 1.2991666108159013e+03, 0.,
       3.4306374203654791e+03, 9.0787512087150867e+02, 0., 0., 1. ]
distCoeffsL: !!opencv-matrix
   rows: 1
   cols: 5
   dt: d
   data: [ 0., 0., -4.5063943845152880e-03, 1.3967032530963118e-02, 0. ]
rvecsL:
   - !!opencv-matrix
      rows: 3
      cols: 1
      dt: d
      data: [ -2.1671271236654364e+00, 1.9557076234823054e+00,
          1.4791289393490956e-01 ]
   - !!opencv-matrix
      rows: 3
      cols: 1
      dt: d
      data: [ -2.2693655659064103e+00, 2.0758277164990648e+00,
          4.5857542351120734e-01 ]
   - !!opencv-matrix
      rows: 3
      cols: 1
      dt: d
      data: [ -2.0158020228393791e+00, 1.7505053955186562e+00,
          2.6032016749477388e-01 ]
   - !!opencv-matrix
      rows: 3
      cols: 1
      dt: d
      data: [ -2.0074112249898097e+00, 1.9117466302772306e+00,
          8.4413565057459072e-01 ]
   - !!opencv-matrix
      rows: 3
      cols: 1
      dt: d
      data: [ 2.3160937063398461e+00, -2.0280876795074776e+00,
          -2.5289016266424552e-01 ]
   - !!opencv-matrix
      rows: 3
      cols: 1
      dt: d
      data: [ 2.3249497398853740e+00, -2.0361076236502784e+00,
          -2.6773660197674076e-01 ]
   - !!opencv-matrix
      rows: 3
      cols: 1
      dt: d
      data: [ 2.2380920287562138e+00, -2.1964796597600094e+00,
          -1.8098104013914912e-01 ]
   - !!opencv-matrix
      rows: 3
      cols: 1
      dt: d
      data: [ -2.1238986076604829e+00, 2.0835604904370442e+00,
          -6.8153823976365255e-02 ]
   - !!opencv-matrix
      rows: 3
      cols: 1
      dt: d
      data: [ -2.1190404816946873e+00, 2.0793691589716645e+00,
          -7.2658607652187179e-02 ]
   - !!opencv-matrix
      rows: 3
      cols: 1
      dt: d
      data: [ -1.9873486130057856e+00, 1.9076482432220487e+00,
          1.8364597677402514e-01 ]
   - !!opencv-matrix
      rows: 3
      cols: 1
      dt: d
      data: [ -2.0381831948512179e+00, 2.0113682781708477e+00,
          3.6678400252442228e-01 ]
   - !!opencv-matrix
      rows: 3
      cols: 1
      dt: d
      data: [ -2.0413142285530363e+00, 2.0131943811755444e+00,
          3.6398738494414828e-01 ]
   - !!opencv-matrix
      rows: 3
      cols: 1
      dt: d
      data: [ 2.0327659178365418e+00, -2.1254063357792479e+00,
          -8.5555862642980485e-01 ]
   - !!opencv-matrix
      rows: 3
      cols: 1
      dt: d
      data: [ -2.0394140397604925e+00, 2.0189584190126304e+00,
          3.7060206172852983e-01 ]
   - !!opencv-matrix
      rows: 3
      cols: 1
      dt: d
      data: [ -2.0399177660912415e+00, 2.0155156778122789e+00,
          3.5040203713196838e-01 ]
   - !!opencv-matrix
      rows: 3
      cols: 1
      dt: d
      data: [ -2.0645188073700105e+00, 2.0314365729120754e+00,
          3.9755222515127292e-01 ]
   - !!opencv-matrix
      rows: 3
      cols: 1
      dt: d
      data: [ -2.0646522239137077e+00, 2.0314596035739894e+00,
          3.9680980013446820e-01 ]
   - !!opencv-matrix
      rows: 3
      cols: 1
      dt: d
      data: [ -2.2219681867969712e+00, 2.1685833365220453e+00,
          1.7598880719890925e-01 ]
   - !!opencv-matrix
      rows: 3
      cols: 1
      dt: d
      data: [ 2.2318401835047372e+00, -2.1933789864691842e+00,
          -2.4037964870546141e-01 ]
   - !!opencv-matrix
      rows: 3
      cols: 1
      dt: d
      data: [ -1.9483446720832462e+00, 1.9045562937722049e+00,
          -3.3400494960335791e-01 ]
   - !!opencv-matrix
      rows: 3
      cols: 1
      dt: d
      data: [ -2.2213179458642269e+00, 2.1757050782571072e+00,
          1.8677959954476389e-01 ]
   - !!opencv-matrix
      rows: 3
      cols: 1
      dt: d
      data: [ -2.0097764027783298e+00, 1.8941956907466049e+00,
          2.1705234953344507e-01 ]
   - !!opencv-matrix
      rows: 3
      cols: 1
      dt: d
      data: [ -1.8607008910273113e+00, 2.1120516468260013e+00,
          1.3538327426757832e+00 ]
   - !!opencv-matrix
      rows: 3
      cols: 1
      dt: d
      data: [ -1.8950218428694952e+00, 1.9717570169572480e+00,
          1.0148471381302817e+00 ]
   - !!opencv-matrix
      rows: 3
      cols: 1
      dt: d
      data: [ -1.8949537331604409e+00, 1.9717791363357928e+00,
          1.0145869029296539e+00 ]
   - !!opencv-matrix
      rows: 3
      cols: 1
      dt: d
      data: [ -1.8954614521559667e+00, 1.8486899527098253e+00,
          7.6541994441173877e-01 ]
   - !!opencv-matrix
      rows: 3
      cols: 1
      dt: d
      data: [ -1.8953265853750867e+00, 1.8485958737626678e+00,
          7.6563463410854882e-01 ]
   - !!opencv-matrix
      rows: 3
      cols: 1
      dt: d
      data: [ -1.8886855613293829e+00, 1.7356993780904710e+00,
          5.5711515057259342e-01 ]
   - !!opencv-matrix
      rows: 3
      cols: 1
      dt: d
      data: [ 2.2471462296041800e+00, -2.1307286452755427e+00,
          -1.0669207456979839e-01 ]
   - !!opencv-matrix
      rows: 3
      cols: 1
      dt: d
      data: [ 2.1885757118525175e+00, -2.0764402654393854e+00,
          -2.1144868016200191e-01 ]
   - !!opencv-matrix
      rows: 3
      cols: 1
      dt: d
      data: [ -2.0691383292573038e+00, 2.0341803068260393e+00,
          -2.8127454745753100e-01 ]
   - !!opencv-matrix
      rows: 3
      cols: 1
      dt: d
      data: [ 2.2139293062406411e+00, -2.2014387927515582e+00,
          -6.1968903502211584e-02 ]
   - !!opencv-matrix
      rows: 3
      cols: 1
      dt: d
      data: [ 1.9840965990651331e+00, -1.9561487153494570e+00,
          -4.6123594165316190e-01 ]
   - !!opencv-matrix
      rows: 3
      cols: 1
      dt: d
      data: [ 2.1629873754560918e+00, -2.1478898131487361e+00,
          -1.6241343993664253e-01 ]
   - !!opencv-matrix
      rows: 3
      cols: 1
      dt: d
      data: [ 2.1443466968051776e+00, -2.1155101883681584e+00,
          -2.0770734439651070e-01 ]
   - !!opencv-matrix
      rows: 3
      cols: 1
      dt: d
      data: [ -2.0498774463955054e+00, 2.0716136626883030e+00,
          -2.6317055194491923e-01 ]
   - !!opencv-matrix
      rows: 3
      cols: 1
      dt: d
      data: [ 2.0598539593516652e+00, -2.0851959665442221e+00,
          -3.0714896842421446e-01 ]
