%YAML:1.0
---
intrinsicL: !!opencv-matrix
   rows: 3
   cols: 3
   dt: d
   data: [ 3.4195866750106488e+03, 0., 1.1272188704340442e+03, 0.,
       3.3992174513628356e+03, 1.1438986779620191e+03, 0., 0., 1. ]
distCoeffsL: !!opencv-matrix
   rows: 1
   cols: 5
   dt: d
   data: [ 0., 0., 2.6897144465826742e-03, -2.2813297795406258e-02, 0. ]
intrinsicR: !!opencv-matrix
   rows: 3
   cols: 3
   dt: d
   data: [ 3.3958617433788136e+03, 0., 1.2133166769803652e+03, 0.,
       3.4011278618908359e+03, 1.1892862742248319e+03, 0., 0., 1. ]
distCoeffsR: !!opencv-matrix
   rows: 1
   cols: 5
   dt: d
   data: [ 0., 0., 7.4778123064778461e-03, 8.1908780621303533e-03, 0. ]
R: !!opencv-matrix
   rows: 3
   cols: 3
   dt: d
   data: [ 9.9444939058635484e-01, 5.8505502852240973e-03,
       -1.0505322757434654e-01, -7.2374420535176731e-03,
       9.9989155786452888e-01, -1.2825441269890405e-02,
       1.0496679948893056e-01, 1.3514568901947941e-02,
       9.9438389338949229e-01 ]
T: !!opencv-matrix
   rows: 3
   cols: 1
   dt: d
   data: [ -1.1261170539207246e+01, -1.7334131498969649e-02,
       -7.6302872262543864e-01 ]
E: !!opencv-matrix
   rows: 3
   cols: 3
   dt: d
   data: [ -7.3418844705383244e-03, 7.6271171484683309e-01,
       -2.7022961237742935e-02, 4.2325558178486677e-01,
       1.4772572725791214e-01, 1.1278085234943683e+01,
       9.8739985737786917e-02, -1.1259847939618084e+01,
       1.4260847491965770e-01 ]
F: !!opencv-matrix
   rows: 3
   cols: 3
   dt: d
   data: [ -5.1731800457825259e-09, 5.4063621354778682e-07,
       -6.7771307904923876e-04, 2.9776920600386695e-07,
       1.0455092843391745e-07, 2.6677019958945954e-02,
       -1.1159454180335767e-04, -2.7883920297019762e-02, 1. ]
RMS: 2.1667519552541393e+02
R1: !!opencv-matrix
   rows: 3
   cols: 3
   dt: d
   data: [ 9.9925814710593086e-01, 8.2863702946159145e-03,
       -3.7609726265452170e-02, -8.5269426552990763e-03,
       9.9994417119265555e-01, -6.2406527532511439e-03,
       3.7555914199696658e-02, 6.5567190860922756e-03,
       9.9927301711967120e-01 ]
P1: !!opencv-matrix
   rows: 3
   cols: 4
   dt: d
   data: [ 3.4001726566268358e+03, 0., 1.1011099929809570e+03, 0., 0.,
       3.4001726566268358e+03, 1.1741874008178711e+03, 0., 0., 0., 1.,
       0. ]
R2: !!opencv-matrix
   rows: 3
   cols: 3
   dt: d
   data: [ 9.9771115838640734e-01, 1.5357601021355860e-03,
       6.7602410254087045e-02, -1.9737885572479242e-03,
       9.9997748749011350e-01, 6.4131639376620387e-03,
       -6.7591039272853939e-02, -6.5319180849686149e-03,
       9.9769172866980627e-01 ]
P2: !!opencv-matrix
   rows: 3
   cols: 4
   dt: d
   data: [ 3.4001726566268358e+03, 0., 1.1011099929809570e+03,
       -3.8377764774075731e+04, 0., 3.4001726566268358e+03,
       1.1741874008178711e+03, 0., 0., 0., 1., 0. ]
Q: !!opencv-matrix
   rows: 4
   cols: 4
   dt: d
   data: [ 1., 0., 0., -1.1011099929809570e+03, 0., 1., 0.,
       -1.1741874008178711e+03, 0., 0., 0., 3.4001726566268358e+03, 0.,
       0., 8.8597464616377547e-02, 0. ]
