%YAML:1.0
---
intrinsicL: !!opencv-matrix
   rows: 3
   cols: 3
   dt: d
   data: [ 3.4980369254708467e+03, 0., 1.1449263407257743e+03, 0.,
       3.4820543746862381e+03, 1.1455221549085425e+03, 0., 0., 1. ]
distCoeffsL: !!opencv-matrix
   rows: 1
   cols: 5
   dt: d
   data: [ 0., 0., 4.4734230029272121e-03, -2.0239127604743605e-02, 0. ]
intrinsicR: !!opencv-matrix
   rows: 3
   cols: 3
   dt: d
   data: [ 3.4619794793076121e+03, 0., 1.2671963329413129e+03, 0.,
       3.4609984947852558e+03, 1.1024280249089081e+03, 0., 0., 1. ]
distCoeffsR: !!opencv-matrix
   rows: 1
   cols: 5
   dt: d
   data: [ 0., 0., 1.7379807522038004e-03, 1.2745131431043019e-02, 0. ]
R: !!opencv-matrix
   rows: 3
   cols: 3
   dt: d
   data: [ 9.9316853859223886e-01, 1.1688824997576591e-02,
       -1.1610178861986818e-01, -1.0133917853212007e-02,
       9.9985100578272346e-01, 1.3973902254587561e-02,
       1.1624782862273546e-01, -1.2701874092134790e-02,
       9.9313901581553354e-01 ]
T: !!opencv-matrix
   rows: 3
   cols: 1
   dt: d
   data: [ -1.1349637582776621e+01, -2.7422438695137743e-02,
       -6.5186271796978268e-01 ]
E: !!opencv-matrix
   rows: 3
   cols: 3
   dt: d
   data: [ -9.7937221893271264e-03, 6.5211391055795187e-01,
       -1.8125227872631381e-02, 6.7196118168396035e-01,
       -1.5178117680058309e-01, 1.1347450326312664e+01,
       1.4225139829107120e-01, -1.1347626016321689e+01,
       -1.6178252038753813e-01 ]
F: !!opencv-matrix
   rows: 3
   cols: 3
   dt: d
   data: [ -1.6697597272667750e-08, 1.1169108427087061e-06,
       -1.3684257022818533e-03, 1.1459705728281129e-06,
       -2.6003753295232755e-07, 6.6680104821415898e-02,
       -4.0256231884564761e-04, -6.8414647080186713e-02,
       9.9999999999999989e-01 ]
RMS: 2.2635135130275776e+02
R1: !!opencv-matrix
   rows: 3
   cols: 3
   dt: d
   data: [ 9.9817279914333901e-01, 1.3353043171604000e-02,
       -5.8930122080381384e-02, -1.2945818672722332e-02,
       9.9988964886836140e-01, 7.2866909360906028e-03,
       5.9020918573369947e-02, -6.5104780133559380e-03,
       9.9823551572101110e-01 ]
P1: !!opencv-matrix
   rows: 3
   cols: 4
   dt: d
   data: [ 3.4715264347357470e+03, 0., 1.2042840881347656e+03, 0., 0.,
       3.4715264347357470e+03, 1.1282769241333008e+03, 0., 0., 0., 1.,
       0. ]
R2: !!opencv-matrix
   rows: 3
   cols: 3
   dt: d
   data: [ 9.9835179414965192e-01, 2.4121687297570991e-03,
       5.7340008372777453e-02, -2.0158425403576613e-03,
       9.9997368646263751e-01, -6.9686986715812235e-03,
       -5.7355309231347455e-02, 6.8416243935191081e-03,
       9.9833038653475548e-01 ]
P2: !!opencv-matrix
   rows: 3
   cols: 4
   dt: d
   data: [ 3.4715264347357470e+03, 0., 1.2042840881347656e+03,
       -3.9465614349738185e+04, 0., 3.4715264347357470e+03,
       1.1282769241333008e+03, 0., 0., 0., 1., 0. ]
Q: !!opencv-matrix
   rows: 4
   cols: 4
   dt: d
   data: [ 1., 0., 0., -1.2042840881347656e+03, 0., 1., 0.,
       -1.1282769241333008e+03, 0., 0., 0., 3.4715264347357470e+03, 0.,
       0., 8.7963319257407607e-02, 0. ]
