%YAML:1.0
---
intrinsicL: !!opencv-matrix
   rows: 3
   cols: 3
   dt: d
   data: [ 3.5129659862869717e+03, 0., 1.2989482768484313e+03, 0.,
       3.4888044037117038e+03, 9.3169384546124434e+02, 0., 0., 1. ]
distCoeffsL: !!opencv-matrix
   rows: 1
   cols: 5
   dt: d
   data: [ 0., 0., -6.4833748352725457e-03, 2.1512299831289751e-02, 0. ]
intrinsicR: !!opencv-matrix
   rows: 3
   cols: 3
   dt: d
   data: [ 3.4292877390020844e+03, 0., 1.1882263260658212e+03, 0.,
       3.4324048035571805e+03, 8.7651693734785147e+02, 0., 0., 1. ]
distCoeffsR: !!opencv-matrix
   rows: 1
   cols: 5
   dt: d
   data: [ 0., 0., -5.6484388712837496e-03, -1.1437642883964939e-02, 0. ]
R: !!opencv-matrix
   rows: 3
   cols: 3
   dt: d
   data: [ 9.9342631941822224e-01, 7.3460685819287689e-03,
       1.1423739827024118e-01, -9.1265213647795679e-03,
       9.9984478345369798e-01, 1.5070355278028200e-02,
       -1.1410895887239672e-01, -1.6013877632146730e-02,
       9.9333916726777682e-01 ]
T: !!opencv-matrix
   rows: 3
   cols: 1
   dt: d
   data: [ 1.0958542788480964e+01, -1.1477702443960592e-03,
       -1.8432563280855114e+00 ]
E: !!opencv-matrix
   rows: 3
   cols: 3
   dt: d
   data: [ -1.6691547391424807e-02, 1.8429886044565602e+00,
       2.6638402593939250e-02, -5.8067144140216276e-01,
       1.6194807584118778e-01, -1.1096118575243628e+01,
       -9.8873149716494441e-02, 1.0956850272915764e+01,
       1.6528025143841377e-01 ]
F: !!opencv-matrix
   rows: 3
   cols: 3
   dt: d
   data: [ -6.1653302484457065e-09, 6.8545621378768656e-07,
       -5.9606146825813035e-04, -2.1428690761354800e-07,
       6.0178074251735428e-08, -1.4162731131808690e-02,
       6.9912205267526722e-05, 1.3107611830126924e-02, 1. ]
RMS: 2.1793200609830993e+02
R1: !!opencv-matrix
   rows: 3
   cols: 3
   dt: d
   data: [ -9.9859306019015148e-01, -9.7972978934785879e-03,
       5.2114423090492114e-02, 9.4255113830280218e-03,
       -9.9992838169310272e-01, -7.3750403240357143e-03,
       5.2182946210776418e-02, -6.8734589981452278e-03,
       9.9861388718871913e-01 ]
P1: !!opencv-matrix
   rows: 3
   cols: 4
   dt: d
   data: [ 3.4606046036344424e+03, 0., 7.6792879486083984e+02, 0., 0.,
       3.4606046036344424e+03, 1.1536953506469727e+03, 0., 0., 0., 1.,
       0. ]
R2: !!opencv-matrix
   rows: 3
   cols: 3
   dt: d
   data: [ -9.8614718389731215e-01, 1.0328657889278568e-04,
       1.6587260480044114e-01, 1.1755031941855141e-03,
       -9.9997034287203113e-01, 7.6112790405427509e-03,
       1.6586847163834711e-01, 7.7008251684586512e-03,
       9.8611781619037975e-01 ]
P2: !!opencv-matrix
   rows: 3
   cols: 4
   dt: d
   data: [ 3.4606046036344424e+03, 0., 7.6792879486083984e+02,
       -3.8455906219868280e+04, 0., 3.4606046036344424e+03,
       1.1536953506469727e+03, 0., 0., 0., 1., 0. ]
Q: !!opencv-matrix
   rows: 4
   cols: 4
   dt: d
   data: [ 1., 0., 0., -7.6792879486083984e+02, 0., 1., 0.,
       -1.1536953506469727e+03, 0., 0., 0., 3.4606046036344424e+03, 0.,
       0., 8.9988897514174757e-02, 0. ]
