%YAML:1.0
---
intrinsicL: !!opencv-matrix
   rows: 3
   cols: 3
   dt: d
   data: [ 3.4457546010008377e+03, 0., 1.2991666108159013e+03, 0.,
       3.4306374203654791e+03, 9.0787512087150867e+02, 0., 0., 1. ]
distCoeffsL: !!opencv-matrix
   rows: 1
   cols: 5
   dt: d
   data: [ 0., 0., -4.5063943845152880e-03, 1.3967032530963118e-02, 0. ]
intrinsicR: !!opencv-matrix
   rows: 3
   cols: 3
   dt: d
   data: [ 3.4270584982463715e+03, 0., 1.2880979372836384e+03, 0.,
       3.4149927694138346e+03, 8.6109497149985168e+02, 0., 0., 1. ]
distCoeffsR: !!opencv-matrix
   rows: 1
   cols: 5
   dt: d
   data: [ 0., 0., -6.3339067864531988e-03, -8.9875373317557499e-03, 0. ]
R: !!opencv-matrix
   rows: 3
   cols: 3
   dt: d
   data: [ 9.9701933989835012e-01, 5.7040663268409118e-03,
       7.6940883124624410e-02, -6.6826580911014200e-03,
       9.9989994946872396e-01, 1.2467282513876054e-02,
       -7.6862070942016331e-02, -1.2944291397460216e-02,
       9.9695770590869204e-01 ]
T: !!opencv-matrix
   rows: 3
   cols: 1
   dt: d
   data: [ 1.1540293981859346e+01, 5.3443767340729906e-02,
       -7.8728944300603576e-01 ]
E: !!opencv-matrix
   rows: 3
   cols: 3
   dt: d
   data: [ -9.3689848030948132e-03, 7.8651888258115843e-01,
       6.3096535589280328e-02, 1.0206809395057968e-01,
       1.4489017691221576e-01, -1.1565759758685957e+01,
       -1.3040430858729690e-01, 1.1538834522521711e+01,
       1.3976409470832138e-01 ]
F: !!opencv-matrix
   rows: 3
   cols: 3
   dt: d
   data: [ -6.3876803112183059e-09, 5.3860367933659186e-07,
       -3.3245472165016989e-04, 6.9834876905257505e-08,
       9.9570533532962645e-08, -2.7448345806159218e-02,
       -3.5660063985261338e-04, 2.6300172088893847e-02, 1. ]
RMS: 2.1626348341595354e+02
R1: !!opencv-matrix
   rows: 3
   cols: 3
   dt: d
   data: [ -9.9989718926588389e-01, -1.1191599249149777e-02,
       -8.9643184030484581e-03, 1.1245532767252986e-02,
       -9.9991883268014281e-01, -5.9888266264154178e-03,
       -8.8965662457738560e-03, -6.0890194470910380e-03,
       9.9994188578697296e-01 ]
P1: !!opencv-matrix
   rows: 3
   cols: 4
   dt: d
   data: [ 3.4228150948896568e+03, 0., 1.0371364288330078e+03, 0., 0.,
       3.4228150948896568e+03, 1.1717963562011719e+03, 0., 0., 0., 1.,
       0. ]
R2: !!opencv-matrix
   rows: 3
   cols: 3
   dt: d
   data: [ -9.9767039580704886e-01, -4.6202691716571900e-03,
       6.8061989707821291e-02, 5.0476247038304459e-03,
       -9.9996860471371418e-01, 6.1082789521263109e-03,
       6.8031630989234856e-02, 6.4376004605087717e-03,
       9.9766239504416299e-01 ]
P2: !!opencv-matrix
   rows: 3
   cols: 4
   dt: d
   data: [ 3.4228150948896568e+03, 0., 1.0371364288330078e+03,
       -3.9592527358315885e+04, 0., 3.4228150948896568e+03,
       1.1717963562011719e+03, 0., 0., 0., 1., 0. ]
Q: !!opencv-matrix
   rows: 4
   cols: 4
   dt: d
   data: [ 1., 0., 0., -1.0371364288330078e+03, 0., 1., 0.,
       -1.1717963562011719e+03, 0., 0., 0., 3.4228150948896568e+03, 0.,
       0., 8.6451038194982524e-02, 0. ]
