%YAML:1.0
---
intrinsicL: !!opencv-matrix
   rows: 3
   cols: 3
   dt: d
   data: [ 3.3971298646986425e+03, 0., 1.2289759737123654e+03, 0.,
       3.3928891298212188e+03, 9.2465935542773025e+02, 0., 0., 1. ]
distCoeffsL: !!opencv-matrix
   rows: 1
   cols: 5
   dt: d
   data: [ 0., 0., -3.4188375226239969e-04, 1.3929601771842435e-02, 0. ]
intrinsicR: !!opencv-matrix
   rows: 3
   cols: 3
   dt: d
   data: [ 3.3143007687572481e+03, 0., 1.1178405149245334e+03, 0.,
       3.3168954535848743e+03, 8.6554145791443534e+02, 0., 0., 1. ]
distCoeffsR: !!opencv-matrix
   rows: 1
   cols: 5
   dt: d
   data: [ 0., 0., 1.9280389714325472e-04, -1.9954381265368540e-02, 0. ]
R: !!opencv-matrix
   rows: 3
   cols: 3
   dt: d
   data: [ 9.9062509324615089e-01, 2.1608011516450099e-03,
       1.3659156478142398e-01, -4.5642456252475948e-03,
       9.9984018352038617e-01, 1.7285111506523454e-02,
       -1.3653238550954605e-01, -1.7746502649919248e-02,
       9.9047663745833459e-01 ]
T: !!opencv-matrix
   rows: 3
   cols: 1
   dt: d
   data: [ 9.7923498688691666e+00, 2.0806513838322157e-02,
       -2.0382581620374349e+00 ]
E: !!opencv-matrix
   rows: 3
   cols: 3
   dt: d
   data: [ -1.2143873867688070e-02, 2.0375631719404663e+00,
       5.5839885473710250e-02, -6.8217679448726432e-01,
       1.6937569231294272e-01, -9.9775026427142990e+00,
       -6.5306144761095170e-02, 9.7907399312469128e+00,
       1.6641986511147108e-01 ]
F: !!opencv-matrix
   rows: 3
   cols: 3
   dt: d
   data: [ -4.4935358999415031e-09, 7.5489149297621544e-07,
       -6.2230303057279868e-04, -2.5222494990509046e-07,
       6.2702472559560757e-08, -1.2280136139969857e-02,
       1.4324445842288789e-04, 1.1123995202726118e-02, 1. ]
RMS: 2.2414367852557567e+02
R1: !!opencv-matrix
   rows: 3
   cols: 3
   dt: d
   data: [ -9.9764940721581019e-01, -7.8116871392508074e-03,
       6.8078174373149933e-02, 7.2591945828236097e-03,
       -9.9993871228606290e-01, -8.3591725487030706e-03,
       6.8139301258167070e-02, -7.8453308234102022e-03,
       9.9764497012129538e-01 ]
P1: !!opencv-matrix
   rows: 3
   cols: 4
   dt: d
   data: [ 3.3548922917030468e+03, 0., 7.5651433563232422e+02, 0., 0.,
       3.3548922917030468e+03, 1.1544374542236328e+03, 0., 0., 0., 1.,
       0. ]
R2: !!opencv-matrix
   rows: 3
   cols: 3
   dt: d
   data: [ -9.7901451218760494e-01, -2.0801829252963529e-03,
       2.0377992483329485e-01, 3.8886791307141833e-03,
       -9.9995652757795983e-01, 8.4747347360970161e-03,
       2.0375343702790474e-01, 9.0893230345371109e-03,
       9.7898004121947746e-01 ]
P2: !!opencv-matrix
   rows: 3
   cols: 4
   dt: d
   data: [ 3.3548922917030468e+03, 0., 7.5651433563232422e+02,
       -3.3556478156100246e+04, 0., 3.3548922917030468e+03,
       1.1544374542236328e+03, 0., 0., 0., 1., 0. ]
Q: !!opencv-matrix
   rows: 4
   cols: 4
   dt: d
   data: [ 1., 0., 0., -7.5651433563232422e+02, 0., 1., 0.,
       -1.1544374542236328e+03, 0., 0., 0., 3.3548922917030468e+03, 0.,
       0., 9.9977485005921560e-02, 0. ]
