%YAML:1.0
---
intrinsicL: !!opencv-matrix
   rows: 3
   cols: 3
   dt: d
   data: [ 3.4010857982320936e+03, 0., 1.1739166601637880e+03, 0.,
       3.3855865367707615e+03, 1.1553946588714045e+03, 0., 0., 1. ]
distCoeffsL: !!opencv-matrix
   rows: 1
   cols: 5
   dt: d
   data: [ 0., 0., 4.6502831657227036e-03, -2.0663977384723500e-02, 0. ]
intrinsicR: !!opencv-matrix
   rows: 3
   cols: 3
   dt: d
   data: [ 3.3926623391659668e+03, 0., 1.2117063905722298e+03, 0.,
       3.3968343458738082e+03, 1.1886240543518327e+03, 0., 0., 1. ]
distCoeffsR: !!opencv-matrix
   rows: 1
   cols: 5
   dt: d
   data: [ 0., 0., 7.4911382294386665e-03, 8.6964590732747961e-03, 0. ]
R: !!opencv-matrix
   rows: 3
   cols: 3
   dt: d
   data: [ 9.9577793949997251e-01, 8.0989656394616985e-03,
       -9.1436874185199080e-02, -8.9605192420256739e-03,
       9.9991920900820708e-01, -9.0157945470584425e-03,
       9.1356468299198135e-02, 9.7970511875921044e-03,
       9.9577006055008765e-01 ]
T: !!opencv-matrix
   rows: 3
   cols: 1
   dt: d
   data: [ -1.1404299725660401e+01, -1.6699305288453779e-02,
       -4.5915280056344893e-01 ]
E: !!opencv-matrix
   rows: 3
   cols: 3
   dt: d
   data: [ -5.6398370586820202e-03, 4.5895210120459867e-01,
       -2.0768295553814573e-02, 5.8464231670113542e-01,
       1.0800984541591156e-01, 1.1398043725209108e+01,
       1.1881724694482564e-01, -1.1403243113875126e+01,
       1.0129189100298856e-01 ]
F: !!opencv-matrix
   rows: 3
   cols: 3
   dt: d
   data: [ -4.4593302950454866e-09, 3.6454749264793793e-07,
       -4.7181113161492598e-04, 4.6169970865826335e-07,
       8.5687282015382590e-08, 2.9972801790933739e-02,
       -2.2465378642832083e-04, -3.1273094331682384e-02, 1. ]
RMS: 2.1817321448720796e+02
R1: !!opencv-matrix
   rows: 3
   cols: 3
   dt: d
   data: [ 9.9863283260072733e-01, 9.9495177833564818e-03,
       -5.1317372767186932e-02, -1.0185775528595451e-02,
       9.9993868629344129e-01, -4.3443791993242652e-03,
       5.1271001830750410e-02, 4.8611469454366927e-03,
       9.9867294627502867e-01 ]
P1: !!opencv-matrix
   rows: 3
   cols: 4
   dt: d
   data: [ 3.3912104413222851e+03, 0., 1.2050559539794922e+03, 0., 0.,
       3.3912104413222851e+03, 1.1806653060913086e+03, 0., 0., 0., 1.,
       0. ]
R2: !!opencv-matrix
   rows: 3
   cols: 3
   dt: d
   data: [ 9.9918942532405797e-01, 1.4631121292732353e-03,
       4.0228741261389221e-02, -1.6470650519535425e-03,
       9.9998833812315813e-01, 4.5399112765259217e-03,
       -4.0221629719508628e-02, -4.6024906932298649e-03,
       9.9918018274089371e-01 ]
P2: !!opencv-matrix
   rows: 3
   cols: 4
   dt: d
   data: [ 3.3912104413222851e+03, 0., 1.2050559539794922e+03,
       -3.8705754209804123e+04, 0., 3.3912104413222851e+03,
       1.1806653060913086e+03, 0., 0., 0., 1., 0. ]
Q: !!opencv-matrix
   rows: 4
   cols: 4
   dt: d
   data: [ 1., 0., 0., -1.2050559539794922e+03, 0., 1., 0.,
       -1.1806653060913086e+03, 0., 0., 0., 3.3912104413222851e+03, 0.,
       0., 8.7615149492767039e-02, 0. ]
